62,52
62,51
62,50
62,49
62,48
62,47
62,46
62,45
62,44
62,43
62,42
0,278
66,4
66,3
66,2
66,1
66,0
65,3
65,2
65,1
65,0
64,3
64,2
64,1
64,0
62,41
63,3
63,2
0,9
63,1
63,0
0,273
0,270
62,40
62,39
62,38
62,37
62,36
62,35
3,2
3,1
3,3
10,238
10,250
10,198
10,12
10,170
10,164
10,280
8,6
8,5
8,2
8,3
59,5
59,4
59,3
59,2
59,1
59,0
46,3
46,2
46,1
46,0
45,5
45,4
45,3
45,2
45,1
45,0
43,3
43,2
43,1
43,0
20,3
20,2
20,1
19,3
19,2
19,1
12,3
12,2
12,1
11,28
11,27
11,26
11,22
11,18
11,16
11,14
11,12
11,10
11,8
11,6
11,4
11,3
